3			Yes
0 1 1 1
0 2 2 2
0 3 3 3
___________________________
1			Yes
1 0 0 0 1 1 1 1 0
___________________________
3			No
1 0 0 0 1 1 1 1 0
0 10 10 10
0 1 2 3
___________________________

3			Yes
0 2 2 4
0 1 3 12
0 3 4 20
___________________________

3			No
0 2 2 4
0 1 3 12
0 4 11 20
___________________________

1			Yes
1 0 0 0 1 1 1 1 0
1 0 1 0 2 1 2 1 1
1 0 2 0 3 1 3 1 2
___________________________
3			No
1 1 2 1 4 6 4 6 2
1 4 7 4 9 9 9 9 7
1 10 13 10 18 12 18 12 13
___________________________
