vertical line x=5
5			Yes
0 4 -1 -6
1 -6 -6 -6 2 4 2 4 -6
0 7 -1 11
1 -5 -3 -5 3 3 3 3 -3
0 3 -1 4

vertical line x=0
5			Yes
1 -1 -2 -1 3 1 3 1 -2
1 -4 -3 -4 5 4 5 4 -3
0 5 0 6
1 -1 -1 -1 1 1 1 1 -1
0 7 0 -5

vertical line x=-5
5			Yes
0 3 -5 -3
0 10 -5 6
1 -10 -10 -10 4 0 4 0 -10
0 5 -5 11
1 -7 2 -7 6 -3 6 -3 2

horizontal line y=3
5			Yes
1 -5 -5 -5 11 0 11 0 -5
0 2 -5 3
0 4 2 3
1 2 -2 2 8 6 8 6 -2
0 1 11 3

horizontal line y=0
5			Yes
1 -1 -1 -1 1 1 1 1 -1
0 2 5 0
1 -3 -2 -3 2 7 2 7 -2
0 7 -2 0
0 5 0 0

horizontal line y=0
5			No
1 -1 -1 -1 1 1 1 1 -1
0 2 5 0
1 -3 -2 -3 2 7 2 7 -2
0 7 -2 1
0 5 0 0

horizontal line y=-3
5			Yes
1 -8 -5 -8 -1 2 -1 2 -5
0 3 8 -3
0 10 -5 -3
0 1 0 -3
1 -8 -8 -8 2 5 2 5 -8

horizontal line y=-3
5			Yes
1 -8 -5 -8 -1 -4 -1 -4 -5
1 -7 -8 -7 2 -6 2 -6 -8
1 0 -7 0 1 4 1 4 -7
0 5 4 -3
1 -4 -7 -4 1 2 1 2 -7

horizontal line y=-3
5			No
1 -8 -5 -8 -1 -4 -1 -4 -5
1 -7 -8 -7 2 -6 2 -6 -8
1 0 -7 0 3 4 3 4 -7
0 5 4 -3
1 -4 -7 -4 1 2 1 2 -7

diagonal line y=2x+8
5			No
0 3 -5 -2
0 5 1 10
1 -8 -9 -9 -4 -5 -4 -5 -8
1 -5 -1 -5 9 1 9 1 -1
0 10 1 10

diagonal line y=2x+8
5			Yes
0 3 -5 -2
0 5 1 10
1 -9 -9 -9 1 -3 1 -3 -9
1 -5 -1 -5 9 1 9 1 -1
0 10 1 10

diagonal line y=x
5			Yes
1 2 4 2 6 8 6 8 4
1 -7 -4 -7 6 9 6 9 -4
0 2 -5 -5
0 1 2 2
0 10 4 4

diagonal line y=2x-10
5			Yes
0 3 8 6
0 9 2 -6
1 2 -5 2 1 6 1 6 -5
1 -1 -5 -1 1 9 1 9 -5
0 6 -10 -30

diagonal line y=-2x+4
5			Yes
0 2 3 -2
0 5 10 -16
0 3 -2 8
1 -2 -2 -2 2 6 2 6 -2
0 1 5 -6

diagonal line y=-5x-10
5			No
0 12 -10 40
1 -5 -11 -5 1 5 1 5 -11
0 6 -4 10
0 1 2 -20
0 4 1 -15

diagonal line y=-5x-10
5			Yes
0 12 -10 40
1 -7 -4 -7 4 3 4 3 -4
0 6 -4 10
0 1 2 -20
0 4 1 -15

diagonal line y=-x
5			Yes
1 -2 -2 -2 2 2 2 2 -2
0 2 5 -5
0 6 -6 6
1 -2 -9 -2 3 8 3 8 -9
1 -8 -2 -8 6 4 6 4 -2
________________________________

